22.00 8.49 8.49 -1.00 
21.00 8.54 8.44 -1.10 
20.00 8.60 8.38 -1.17 
19.00 8.68 8.30 -1.21 
18.01 24.82 8.22 15.32 
17.07 40.10 8.97 30.17 
16.61 7.07 11.37 -6.30 
15.50 35.88 11.15 23.40 
15.10 33.02 14.44 17.19 
14.71 31.31 14.32 15.47 
14.38 30.00 13.00 15.34 
14.18 28.91 11.88 15.25 
14.12 28.01 10.94 15.23 
14.24 27.27 10.15 15.25 
14.60 26.67 9.49 15.35 
15.28 18.85 8.96 7.92 
15.29 17.55 8.45 7.07 
28.05 16.90 7.98 9.33 
26.27 15.66 7.59 8.09 
24.71 14.97 7.23 7.42 
23.28 14.49 6.90 6.96 
21.95 14.11 6.62 6.59 
20.69 13.79 6.37 6.26 
19.48 13.50 6.15 5.94 
18.32 13.24 5.96 5.63 
17.20 13.00 5.81 5.31 
16.11 12.77 5.69 4.99 
15.05 12.56 24.87 -14.00 
14.29 14.39 26.17 -13.52 
13.60 14.66 27.94 -15.08 
13.03 13.07 31.24 -20.01 
12.78 11.65 32.78 -23.02 
12.89 10.51 31.40 -22.85 
13.35 9.64 30.50 -22.78 
14.32 9.03 28.09 -20.89 
15.84 8.61 16.04 -9.37 
16.29 8.19 14.88 -8.60 
16.84 7.82 14.18 -8.20 
17.59 7.49 13.64 -7.87 
18.59 7.20 13.20 -7.55 
19.92 6.96 12.82 -7.17 
21.70 6.77 12.49 -6.71 
23.45 6.60 12.20 -6.26 
22.28 6.48 11.95 -6.37 
21.14 6.40 11.66 -6.39 
20.04 6.38 11.36 -6.34 
18.97 6.41 11.05 -6.21 
17.93 6.49 10.73 -6.02 
16.91 6.63 10.41 -5.76 
