0.00 0.00 22.00 8.49 8.49 -1.03 
0.00 1.00 21.00 8.54 8.43 -0.38 
-0.01 2.00 20.00 8.56 8.41 0.24 
-0.01 3.00 19.00 8.56 8.41 0.83 
-0.02 4.00 18.00 25.41 8.44 12.70 
-0.02 4.98 17.07 39.73 9.13 22.50 
0.04 5.90 16.43 7.15 10.93 0.20 
0.24 6.88 15.43 35.69 11.30 19.46 
0.43 7.80 14.92 33.23 14.09 16.69 
0.72 8.71 14.47 31.50 14.30 15.74 
1.10 9.60 14.12 30.13 12.93 15.80 
1.56 10.44 13.90 28.99 11.78 15.81 
2.10 11.24 13.84 28.06 10.82 15.77 
3.70 11.99 13.95 26.30 10.01 13.83 
5.38 12.69 14.12 24.67 9.33 11.79 
6.12 13.33 14.28 24.10 8.75 11.48 
6.89 13.93 27.73 19.81 8.24 12.38 
7.71 14.47 25.60 16.68 7.82 9.41 
8.57 14.95 23.92 15.48 7.44 7.74 
9.46 15.39 22.45 14.89 7.09 6.45 
10.36 15.79 21.12 14.60 6.76 5.33 
12.29 16.16 18.83 14.49 6.45 2.81 
13.23 16.50 17.73 14.78 6.13 2.05 
14.18 16.82 16.66 15.15 5.80 1.34 
15.12 17.14 15.62 15.60 5.47 0.68 
16.08 17.44 14.60 15.69 30.21 -14.19 
17.00 17.73 14.04 14.10 33.60 -18.14 
17.88 18.09 13.75 12.66 33.33 -19.76 
18.71 18.54 13.73 11.48 31.98 -20.40 
19.48 19.07 14.01 10.54 30.99 -20.84 
20.18 19.69 14.72 9.83 30.36 -21.05 
20.81 20.38 16.04 9.34 16.11 -13.19 
21.36 21.18 16.96 8.92 13.53 -11.73 
21.86 22.02 18.10 8.57 12.31 -10.81 
22.30 22.90 19.59 8.29 11.56 -9.90 
22.69 23.81 21.53 8.07 11.04 -8.86 
23.03 24.74 23.98 7.91 10.67 -7.65 
23.31 25.68 25.10 7.77 10.43 -6.79 
23.56 26.65 23.88 7.67 10.24 -6.56 
23.77 27.62 22.72 7.61 10.04 -6.22 
23.94 28.60 21.61 7.60 9.84 -5.78 
24.08 29.58 20.53 7.63 9.64 -5.27 
24.18 30.57 19.48 7.69 9.45 -4.68 
24.25 31.57 18.45 7.78 9.28 -4.04 
