22.00 8.49 8.49 -0.00 
21.00 8.49 8.49 -0.00 
20.00 8.49 8.49 -0.00 
19.00 8.49 8.49 -0.00 
18.00 8.49 8.49 -0.00 
17.00 24.04 8.49 11.20 
16.05 39.93 9.09 9.68 
15.15 38.03 9.83 8.23 
14.26 36.55 10.69 11.28 
13.45 34.81 12.11 14.81 
12.79 32.94 13.60 17.72 
12.32 31.18 12.03 19.81 
12.06 29.68 10.72 20.93 
12.06 28.52 9.66 20.92 
12.34 27.70 8.84 19.70 
12.89 27.18 8.20 17.27 
13.66 22.47 7.71 13.90 
14.48 18.07 7.30 10.29 
27.32 16.42 6.94 4.95 
25.97 16.38 6.55 6.72 
24.57 15.91 6.22 8.41 
23.16 15.13 5.95 10.05 
21.78 14.20 5.77 11.09 
20.47 13.26 5.68 11.54 
19.27 12.39 5.70 9.91 
18.16 11.74 5.79 7.77 
17.13 11.28 5.91 6.12 
16.12 10.92 22.87 -9.79 
15.16 11.61 22.80 -8.26 
14.23 12.38 22.56 -11.40 
13.37 13.70 22.93 -14.00 
12.62 14.17 24.12 -18.37 
12.07 12.41 27.35 -20.90 
11.74 10.93 32.93 -22.33 
11.68 9.76 31.48 -22.61 
11.91 8.85 30.49 -21.59 
12.45 8.17 29.90 -19.20 
13.27 7.66 24.72 -15.61 
14.21 7.25 18.70 -11.46 
15.03 6.90 16.58 -7.79 
15.52 6.55 15.85 -8.21 
16.37 6.26 15.12 -9.04 
17.95 6.04 14.33 -10.54 
21.14 5.91 13.42 -10.66 
23.21 5.86 12.61 -7.33 
22.07 5.82 12.19 -8.08 
20.97 5.87 11.70 -8.43 
19.92 6.00 11.20 -8.24 
18.91 6.23 10.71 -6.40 
17.93 6.49 10.33 -4.89 
16.96 6.76 10.02 -3.63 
